-1.39253162380655	3.85747535605578	-4.9396975541249	1.87730880945571	1.70678992518106	1.0106635131123	-3.94670833307149	4.35030126067803	-3.06160916736531	7.00623957175941	-12.0952620465007	-0.592372196752799	11.0448893539802	3.75371589109988	-6.2834971681513	0.672916350014132	19.2434740489749	1.59861367643933	-2.66752102824191
0.303352045881262	-3.23861939253581	1.66235493862258	-0.267903604641244	-0.715303748974065	-0.0925125209623936	2.05732627751982	-0.906169922096864	1.99650288466368	-2.91913171974219	3.63431390319292	1.45756013327534	-4.62183408662017	-1.41210611969084	2.75185576988881	-0.245839930720468	-7.58630142869616	0.221005059493258	1.3304892931506
2.25292060815966	2.39090089393689	-3.68455710173458	-1.91834698788135	-0.547477993191104	-1.15655287780188	-2.32556919014537	-1.43799943864006	-3.07095664257694	1.6350113369452	1.68060069393147	1.83033490982619	0.524948193933697	1.18369600211099	3.54112554255429	0.0675000802287386	-4.36086212570755	-1.22311824428313	-0.343679637050417
0.852689142351318	-1.5372840310964	1.7198173567047	-1.2076568323138	-0.739571793468138	-0.382653876806775	1.43109757198563	-0.526816118020073	1.42509886369081	-2.88714226139752	3.83857751177507	1.16233559142118	-4.60365371173597	-1.28891639198825	2.71283480476795	-0.235440416245143	-7.41050008120683	0.14530954601025	1.49026202102809
1.36769411372097	0.00774858182185107	-0.0597498011904628	-1.32112873981058	-1.72801937873941	-0.729653968345409	0.753996081438032	-2.0354234193151	-0.481483449851888	-1.43242816810012	5.29826166973842	1.08501649058165	-2.65016681954457	-1.1711191105466	3.44550047684302	-0.193118095104804	-8.63593597597615	-1.15529406494477	0.638740301340769
0.0735825421734512	-1.57862869281647	1.72909947761626	-0.237975076513188	-0.686574533880173	-1.07243027064079	2.15169451005066	-0.701914706685357	2.03580322052503	-3.01620939250486	3.86335242290811	0.802782004025456	-4.56641203828112	-1.50464311746607	2.62988942581389	-0.205289025279361	-7.61511188578057	0.377814082488793	1.26549869966592
-0.892288075471307	3.43139488842781	-3.7631456053227	3.13412071454743	3.95410350051263	1.40579710320417	-8.01852294644909	7.14051463721435	-2.41559547810279	9.18143333427454	-17.944815029268	-1.84751483654798	8.37019054168082	5.1530633298069	-7.9995805074804	1.08233087540025	35.3937020007889	2.45102304975265	-2.08450189652977
0.736724762054726	0.0315214178676175	0.982000926253839	-0.704946154562154	-0.577063989854478	-0.661349525235958	3.07826622025181	-5.59543391061741	-0.511520617450084	-2.5326444503616	5.12386906494369	0.128315696469072	-0.950481358102034	-0.441728645776016	4.19690193595067	-0.296481932617926	-11.5366242578334	-1.10174057895079	0.775319904474178
0.81914850045415	4.14181305332565	-4.65356800562613	1.12672593229986	1.41604975792592	1.48665756313358	-4.26764898155398	3.73529330735303	-4.52592838796626	7.15276938000212	-12.012878664471	-0.595833702380902	10.6842119221994	4.04341588198842	-5.87409055061236	0.62729847780145	18.9327786319535	1.33032920534651	-2.75064266583965
1.86168998658959	-4.1466668581082	6.45116513223452	-5.67328196802618	-3.19658428343349	-3.81706031873808	8.25694361448153	-11.4997897331595	2.20886581482893	-13.8635639945641	27.0152312561817	3.11643599708816	-17.7961424008084	-5.78346014140935	16.3946338173921	-1.20377648600475	-46.5891354572919	-4.77648562077531	5.73432012067944
-2.82941089654776	0.780727722010565	-2.27324903071713	5.18781118075928	5.33643183007458	1.66802881352877	-6.2455519028545	7.68859683725153	-0.997133182008412	8.82168609803292	-23.7231769636372	-2.16424024522911	7.32313705546538	5.16960862979047	-10.7583453794923	1.12400573481735	42.0401125320903	4.08694447075945	-1.82187181726716
1.1763581165786	-1.06213518562089	2.02148403635121	-0.331370801005468	-0.62110830569982	-0.554082972342737	1.7755635621191	-1.33096251838157	1.30910363944563	-2.78033655983625	4.42141101693576	0.0943210622573115	-4.96849806408919	-1.42923191521192	3.69047579875461	-0.213976345304788	-8.35299273486932	0.625066946054299	0.65755582803158
0.459069646847448	-1.76412907450103	2.39581350968314	-2.95472770224373	-0.934405113646797	-1.78377189972911	4.15301218290979	-4.75643014125075	-0.1128251638412	-4.21730986431406	11.3820913655396	-0.157883203948965	-6.77238740625018	-1.09708910556464	5.59800769079363	-0.483624740048129	-19.0083469300292	-3.14208509263752	2.36526306071736
-3.03514470704282	-2.98511874618929	2.46185572963508	3.38650098242527	1.04712802496732	1.32248346967138	1.93094898484792	3.01804834611234	3.57448906275008	-0.703825112686252	-4.56184238428254	-1.0942339963495	-2.17461590601205	-2.19307133796687	-3.20599601955765	0.0601790851821673	14.3402178208464	0.832727883309646	0.767869651462207
-0.70975310228861	2.46639989543477	-3.31880609700344	3.17262221336575	3.49866288893248	1.27171469649432	-4.39932989267023	6.60047807836747	-2.23731515426856	7.72010656822037	-15.4848996226488	-0.797538209622872	6.83624629130291	4.48245800385243	-9.55918897004432	0.956361993822475	31.1352357402687	1.02223788377193	-1.35834872033305
0.0439931027741195	0.0738898571116946	-0.106774381579358	0.0254033005172167	0.0343460591665146	0.0256115404254705	-0.025531903418975	0.0283441276201641	-0.0759452158291669	0.112831466419404	-0.222161897716646	-0.0357431245847115	0.0826624614032621	0.0453784459089762	-0.0502536925716211	-0.00838931249062123	0.309067043251617	-0.0122570260261239	-0.0399928535793608
-1.32910243173577	4.41872552847603	-6.15867759718575	5.03403063265198	4.77764405540549	2.69715514179794	-9.48077598333958	10.7895764833228	-3.25802524924365	12.7801948169505	-26.7343376993365	-2.48587630279353	13.7479692979351	6.59479695899726	-13.9712246479537	1.39922064607656	46.9618139294048	4.04169855703082	-4.21273172735887
-0.738728389697582	-0.913116776068452	-0.337705507492194	1.34876286195817	-0.271928862405838	1.54301833080077	1.14096268521224	2.16142333796812	1.75900697085979	-0.598618898371037	-1.37195926901152	-0.015774649669938	1.54706984019917	-0.633213709681087	-3.12978060702519	-0.0876930661054805	2.96939541389274	-2.00287478935635	1.06467704778885
-0.882062838164733	3.43413139811062	-3.60793600401827	3.68052940915246	3.66244687197717	1.2023236808426	-5.02106318258648	6.6172075977904	-2.99770524471472	9.02268305206753	-16.9364505551165	-1.92389148102527	8.44977500087065	4.42766187266188	-7.46447246785644	1.04295684440345	34.3045871299062	3.20500731618821	-4.76645268787022
